-0.00155742 -0.0767374 0.00729608 -101.711 
0.0223348 -0.00743376 -0.0734179 12.1361 
0.0737768 0.000630537 0.0223802 -41.0076 
0 0 0 1 

error: 3.8105


Sep 18:
-0.00802422 0.0797921 -0.0117518 99.0422 
0.0805468 0.00732259 -0.00527925 10.0515 
-0.00413553 -0.0122014 -0.0800206 -20.8292 
0 0 0 1 
RMSE: 0.732689


Sep 25:
-0.00337317 -0.0783049 0.018455 -138.454 
0.000417273 0.0184539 0.0783767 35.7561 
-0.0804492 0.00337898 -0.000367279 16.584 
0 0 0 1 
RMSE: 0.673477

Oct 04:
0.0146599 -0.0774594 0.00519394 -96.4805 
0.0141889 0.00787006 0.0773213 8.39624 
-0.0763257 -0.0134146 0.0153716 -22.4239 
0 0 0 1 
RMSE: 0.67454